+74997087513
+74992465442
+74998973269
+74990666190
+74990966193
+74993998313
+74990162867
+74992354363
+74996907931
+74993016159
+74996544224
+74995999623
+74992402815
+74991782284
+74994936171
+74997164406
+74995694846
+74991524362
+74996647464
+74997161238
+74999728187
+74993976604
+74997901553
+74996049326
+74999811785
+74998365418
+74990925468
+74997290563
+74995462313
+74995089160
+74995389060
+74999074719
+74996659792
+74999021633
+74997127835
+74993321424
+74998006929
+74992209532
+74995503851
+74998333584
+74998497796
+74991696029
+74997985408
+74993169903
+74995362222
+74999100405
+74999474457
+74997387425
+74996128442
+74996340391
+74994979448
+74998693943
+74996540975
+74991965988
+74997531013
+74998327863
+74991750406
+74990209082
+74994605734
+74997735360
+74993558623
+74995466394
+74995432878
+74995119714
+74997994230
+74997630688
+74992131917
+74992840982
+74998110428
+74999125016
+74992942117
+74999149066
+74998793975
+74999839901
+74999640714
+74993974632
+74991171930
+74991470492
+74995642890
+74999766190
+74991840148
+74998633567
+74993231244
+74991072085
+74997929312
+74997652223
+74994776118
+74992652404
+74999703836
+74999182417
+74998460642
+74990815866
+74993721187
+74990525604
+74995051489
+74996105774
+74994626596
+74994911057
+74996360166
+74997644385
+74995741617
+74991931406
+74993315974
+74994808766
+74993140311
+74991465536
+74996845581
+74997284856
+74997120345
+74999294563
+74994860680
+74991980552
+74996539993
+74991336978
+74995542356
+74994450983
+74993642581
+74991430114
+74996990455
+74999199924
+74999955762
+74990602749
+74994858417
+74992731984
+74997945565
+74992580085
+74997031115
+74998958797
+74998114760
+74991912866
+74996078121
+74991779644
+74995693294
+74999567132
+74993964284
+74995132687
+74994667601
+74996838266
+74996308153
+74997793566
+74993270396
+74998980546
+74998709237
+74991637397
+74992576535
+74992438990
+74996179448
+74990134101
+74996891154
+74999838736
+74994339715
+74993834948
+74992873428
+74990128492
+74992590749
+74993263649
+74993727011
+74992497327
+74998655056
+74997274773
+74994575786
+74992575841
+74990711285
+74991349079
+74993700660
+74992740166
+74994836797
+74992173878
+74994920629
+74990491164
+74995722791
+74990929611
+74990426615
+74996588223
+74990597517
+74990057178
+74991098245
+74990372609
+74996941027
+74992383066
+74996509958
+74999525612
+74990741912
+74994055627
+74997727217
+74996973106
+74998038260
+74996623897
+74996039101
+74990821983
+74998760367
+74993931917
+74991053162
+74995424263
+74993917697
+74999108284
+74998979590
+74994356086
+74998814794
+74991454398
+74999604615
+74995076940
+74992220166
+74991274265
+74993650800
+74991700107
+74992944618
+74993515276
+74993252366
+74994656720
+74992548636
+74998761536
+74995118873
+74993880190
+74994530890
+74997782041
+74996244987
+74996548552
+74990509516
+74998458963
+74999818682
+74994619149
+74999915078
+74992472019
+74999096919
+74997139521
+74992303192
+74993964054
+74996365458
+74997222547
+74997808722
+74992952402
+74993868451
+74997442810
+74990148479
+74996490511
+74990775297
+74993132348
+74995210907
+74995660789
+74996739609
+74991324708
+74993042018
+74997575473
+74995702702
+74993441525
+74992913100
+74995840581
+74995133152
+74990665924
+74991552651
+74993629530
+74994346961
+74993862003
+74996942464
+74993688999
+74993302012
+74990950992
+74998783432
+74999059954
+74998458681
+74997777603
+74998283500
+74990650193
+74994980707
+74998524569
+74998874880
+74994606537
+74992600775
+74992798392
+74998976876
+74993609078
+74993830695
+74996570503
+74990008771
+74994104898
+74998225184
+74994199123
+74992300012
+74992391284
+74990661500
+74991993125
+74996556682
+74991213054
+74992027137
+74992664829
+74997414234
+74995576127
+74993924297
+74995494689
+74993186430
+74999860034
+74993786661
+74991178062
+74997102413
+74999949394
+74996233955
+74996397921
+74994209333
+74992826763
+74999688230
+74997967274
+74990453785
+74997774409
+74997729128
+74992554300
+74995663523
+74999164167
+74994985274
+74992085089
+74995590732
+74994915584
+74998351095
+74999390286
+74993671998
+74998084934
+74996987941
+74997090968
+74992641524
+74993392739
+74992811320
+74993012705
+74996011366
+74990587881
+74996229531
+74993210270
+74997100876
+74992451262
+74999595804
+74993626335
+74995623391
+74993786406
+74996584626
+74999962214
+74997611538
+74990664727
+74998675945
+74993116354
+74992628907
+74997444627
+74998407956
+74997791342
+74990549629
+74996373558
+74990829482
+74995239665
+74991978161
+74999905499
+74998132965
+74998955503
+74999041668
+74996910815
+74992992548
+74994309336
+74993140737
+74992841097
+74999754239
+74997950314
+74993881154
+74994954937
+74991333629
+74992556794
+74998210764
+74996065443
+74997684988
+74993381321
+74995313055
+74996210756
+74992491374
+74991384606
+74994744300
+74992209764
+74991314162
+74999085146
+74992195106
+74992630380
+74991203826
+74993534909
+74991973037
+74990134949
+74996955213
+74996696798
+74999629092
+74991640042
+74994726951
+74992029018
+74997187118
+74997338755
+74993772389
+74999260359
+74996887079
+74990357819
+74998752648
+74996460961
+74994034732
+74996854957
+74992209685
+74993133858
+74995272500
+74999668136
+74995732695
+74991829312
+74994929020
+74998770045
+74992878838
+74992185305
+74990770989
+74995795241
+74993931220
+74994808856
+74993392291
+74996029444
+74994797091
+74998237806
+74994546463
+74996601149
+74992922848
+74997235297
+74995230871
+74994165560
+74995314791
+74991404482
+74990508313
+74993029737
+74996874889
+74992047877
+74992876903
+74991618991
+74997815615
+74991079758
+74993563596
+74995755762
+74995301460
+74996854334
+74998194161
+74993721455
+74998603210
+74999533989
+74999920548
+74991016575
+74993586785
+74994993891
+74999495975
+74997673328
+74998735681
+74998146164
+74990360021
+74998822108
+74998244164
+74998969510
+74994765984
+74997608797
+74991202842
+74993869975
+74995105043
+74991459335
+74996585002
+74999839683
+74990470917
+74996300765
+74992482406
+74999936778
+74991680851
+74998145809
+74994728883
+74998636323
+74998146750
+74997525516
+74999887714
+74998821156
+74997165771
+74992417577
+74996523679
+74995166736
+74994202027
+74996802577
+74992959645
+74996194559
+74998028391
+74997122993
+74998815367
+74998644244
+74994697507
+74992951893
+74998521202
+74996659000
+74996921004
+74999948985
+74994896818
+74997448443
+74994624677
+74997256013
+74999218493
+74994708249
+74990217994
+74991932066
+74999883816
+74999612008
+74992091938
+74993123893
+74997126388
+74995946937
+74994743134
+74994783622
+74993407290
+74998438810
+74999560805
+74997464688
+74993976874
+74992751964
+74991009052
+74999926816
+74991479116
+74999259898
+74990891429
+74991209460
+74991852017
+74993391371
+74996140344
+74997541157
+74993253433
+74996299013
+74992775210
+74996418991
+74991775003
+74993363490
+74997729939
+74997147150
+74992883929
+74995669576
+74994923219
+74993374987
+74996655858
+74991436108
+74990192283
+74992001883
+74994902486
+74993025111
+74992145071
+74998247082
+74997272147
+74994006118
+74992393115
+74993963798
+74992573958
+74995807091
+74992163222
+74992990875
+74992342837
+74991712736
+74995227553
+74994273924
+74995954228
+74990077436
+74996861398
+74992521874
+74996989173
+74997091451
+74994718797
+74995913768
+74995637469
+74997931542
+74992380260
+74996113797
+74996010712
+74990576096
+74992535133
+74995512596
+74999827952
+74990071034
+74999781129
+74997193055
+74993773204
+74991151494
+74997258555
+74996467917
+74999571615
+74992087021
+74995761224
+74996056239
+74998724881
+74998088396
+74996308547
+74995287588
+74995183904
+74990264233
+74997373845
+74997413297
+74991610668
+74998520959
+74999607061
+74990213280
+74995241839
+74999188676
+74994735353
+74997470383
+74990809206
+74991408164
+74993807341
+74999912851
+74993286247
+74999730476
+74996750161
+74996234854
+74998280655
+74993867635
+74991023744
+74996894336
+74995422078
+74995511974
+74997635189
+74996929291
+74994305199
+74994083824
+74999710518
+74990113131
+74997118105
+74991499646
+74991877960
+74998249556
+74997718874
+74991497854
+74993183784
+74990855418
+74999097746
+74998666206
+74992400346
+74993197379
+74998995364
+74993185251
+74990153616
+74993586379
+74996880522
+74994036651
+74997694864
+74991285077
+74996571890
+74990496903
+74997215866
+74999569236
+74999308200
+74994094021
+74995334905
+74995187546
+74998631743
+74994354662
+74999559608
+74992697152
+74992619051
+74998684316
+74997233314
+74998430060
+74992122646
+74990504768
+74999172228
+74997117810
+74993330705
+74995523217
+74992544825
+74994722833
+74996623772
+74993566638
+74999237583
+74995624966
+74992990713
+74996973361
+74999404344
+74990749315
+74990467698
+74998661284
+74992566906
+74997091147
+74999396389
+74994637489
+74993543603
+74990352824
+74996439231
+74999554341
+74999605640
+74997585823
+74997749157
+74990254771
+74993239635
+74998406731
+74991642223
+74995872589
+74991388642
+74998216631
+74999691824
+74991166065
+74999305830
+74996132550
+74991969203
+74992903665
+74990518815
+74993978473
+74997950993
+74999455001
+74996285349
+74993758584
+74997027969
+74991531642
+74997170577
+74995370122
+74992562260
+74991458980
+74999874653
+74998110449
+74990683297
+74993223039
+74992748280
+74990214711
+74997909974
+74990761161
+74993526327
+74995982099
+74999078712
+74999890404
+74996640924
+74991261269
+74996604822
+74991285324
+74998897132
+74995848549
+74991069397
+74991504843
+74993245678
+74996301702
+74990984868
+74991940477
+74990127919
+74994961990
+74998856446
+74993067835
+74995865950
+74995745656
+74993118575
+74998166526
+74990279873
+74994891356
+74996752501
+74992708960
+74998706530
+74991905562
+74994849953
+74993303003
+74998453762
+74996351073
+74996745387
+74992702741
+74998795315
+74995016841
+74992605572
+74994292608
+74998711961
+74997216721
+74999144971
+74999166241
+74991220945
+74996634943
+74996835559
+74997519930
+74996215663
+74993673113
+74999734229
+74997097408
+74992969693
+74996137264
+74993856046
+74995650630
+74993799629
+74994306057
+74993314872
+74994841241
+74992159452
+74999249714
+74995553387
+74997199605
+74991075503
+74992840082
+74993786664
+74998324473
+74998124159
+74993344269
+74994831474
+74991776512
+74992474078
+74990383079
+74996260913
+74998174207
+74995595380
+74991862667
+74998338479
+74998771856
+74991694498
+74998584157
+74999074777
+74994572146
+74990585562
+74992184753
+74996114890
+74994766139
+74998783417
+74992519056
+74996715619
+74999671974
+74995220397
+74995956413
+74998465566
+74992462100
+74993276152
+74994838969
+74990636201
+74994875872
+74990082509
+74998278877
+74994157172
+74995014846
+74994409599
+74992730400
+74991652388
+74998046405
+74995580584
+74995889898
+74995429218
+74991276335
+74998484232
+74991170050
+74990352433
+74996120478
+74991783111
+74993834440
+74997571907
+74992967650
+74993914038
+74991275680
+74993742729
+74992578187
+74997998272
+74990996899
+74996444635
+74999370145
+74993486209
+74990988980
+74992419867
+74999581031
+74997900902
+74999188984
+74993601288
+74993634048
+74994883813
+74992272124
+74998550333
+74990610198
+74998697735
+74996227461
+74991635062
+74993415491
+74996004454
+74998673386
+74994095725
+74997761674
+74998572123
+74998032996
+74990697958
+74992589332
+74998049279
+74998227291
+74996005682
+74994077398
+74990322013
+74994566579
+74998974893
+74990093086
+74991822051
+74991707599
+74999697629
+74993903764
+74995715329
+74999025019
+74998964161
+74995183832
+74990393598
+74999100309
+74999661386
+74999528842
+74997233128
+74993916018
+74998511381
+74994312842
+74996597779
+74997077167
+74991924838
+74996055471
+74992090880
+74998830401
+74990309691
+74999683395
+74990468273
+74996720836
+74996773697
+74995599556
+74999242084
+74995773031
+74991918884
+74994449905
+74993913760
+74993764182
+74998316151
+74990559618
+74990028721
+74990851674
+74991513139
+74998414604
+74990758979
+74996413258
+74990062353
+74990476413
+74998938728
+74997969542
+74994888410
+74996710846
+74994051244
+74993198614
+74990294499
+74997016583
+74998911361
+74997064205
+74993478379
+74998173903
+74999592100
+74991633685
+74992396087
+74990429567
+74991772771
+74993510371
+74990120998
+74994199774
+74995113931
+74998342158
+74996026016
+74993640488
+74990020344
+74998830412
+74992573648
+74991306295
+74999832374
+74995819031
+74998955345
+74997619572
+74995569300
+74998288691
+74998712178
+74993998712
+74997920028
+74995771796
+74996788477
+74997664897
+74998058347
+74992599465
+74994499177
+74994433318
+74991414992
+74994209960
+74991032701
+74995458641
+74998217148
+74996955659
+74996203326
+74997173690
+74991123510
+74990587174
+74990513772
+74999075970
+74999245347
+74990511369
+74991078802
+74990039840
+74997530015
+74997620214
+74992220258
+74995224722
+74998648709
+74996259303
+74992675168
+74998015330
+74990507502
+74992816952
+74991972659
+74995109501
+74995121152
+74994403925
+74992238823
+74994439544
+74996728252
+74999209559
+74998377611
+74995591932
+74991544061
+78123326673
+78129478700
+78124261469
+78125416224
+78126722553
+78129037149
+78126580272
+78121433689
+78126151796
+78120941337
+78129511348
+78128284187
+78120287244
+78124838118
+78127020405
+78123374242
+78127190542
+78123684765
+78126851903
+78124176609
+78121946366
+78122510275
+78126005148
+78125521616
+78121045712
+78126308157
+78126737113
+78127693850
+78126443663
+78120312980
+78126347485
+78124453052
+78120796439
+78127077883
+78121836688
+78123353989
+78125970265
+78127376111
+78129406288
+78122382182
+78128971631
+78126997001
+78125177063
+78120252080
+78128704118
+78121851962
+78128928552
+78127788587
+78126787975
+78125024748
+78124149666
+78124429394
+78127277028
+78123000596
+78120096750
+78120313253
+78128188363
+78127472331
+78124091602
+78123406947
+78125569206
+78124327740
+78125031068
+78120809278
+78123475545
+78128775177
+78128089663
+78124467256
+78129314864
+78124126903
+78121177804
+78124106662
+78120319056
+78126916954
+78127185138
+78125931668
+78120971536
+78122881322
+78123065452
+78125512290
+78129734096
+78128451773
+78128062592
+78124347349
+78121272235
+78128125856
+78125301223
+78126749141
+78126859219
+78122161639
+78127930168
+78124375799
+78128530621
+78124711003
+78129781469
+78129746630
+78128445655
+78123614752
+78122087785
+78125932346
+78128175625
+78128745362
+78127134080
+78128481843
+78125022283
+78125778404
+78122852668
+78121779207
+78120913744
+78121225277
+78125272967
+78123405574
+78127595939
+78126178943
+78126076656
+78120765501
+78126085477
+78129498824
+78122119780
+78126731844
+78125209070
+78121989125
+78124641559
+78122231675
+78120620320
+78122944199
+78126472964
+78129735598
+78125069274
+78126898884
+78123282925
+78129944920
+78122635481
+78126095941
+78126956104
+78120959154
+78122807618
+78122782105
+78129031182
+78127809354
+78123549722
+78129120178
+78127228150
+78123087634
+78128885015
+78122714495
+78122804303
+78121247586
+78126587637
+78121825887
+78126740887
+78120175049
+78129846214
+78129787658
+78123331211
+78123883270
+78125487631
+78120937520
+78126498610
+78129832634
+78128204519
+78121346645
+78129505615
+78120886228
+78125941048
+78128284636
+78129625771
+78125047238
+78122292674
+78129396753
+78122510238
+78123256635
+78126413268
+78129786212
+78126459837
+78125381630
+78128160842
+78122134369
+78121489851
+78128055459
+78127535063
+78127670370
+78122930554
+78125009692
+78125696229
+78129612427
+78121086531
+78123119143
+78120323614
+78128583850
+78126961273
+78129460896
+78122938074
+78123221831
+78123865692
+78124863732
+78122693342
+78127595800
+78129675691
+78128736066
+78122656083
+78123232333
+78120176187
+78125055728
+78129459287
+78121174516
+78123324194
+78120037216
+78125118094
+78121256312
+78125427464
+78126719980
+78120231182
+78120894011
+78126321976
+78125754660
+78129470203
+78128369474
+78121731597
+78127353050
+78120802944
+78127172824
+78129715695
+78122173783
+78126395743
+78125074314
+78129685549
+78125723550
+78128076512
+78122955108
+78126662051
+78122398890
+78120745866
+78125257247
+78120311937
+78126704701
+78128537297
+78121354723
+78126506889
+78125092110
+78127369347
+78128296535
+78129598383
+78128319518
+78125538013
+78124350702
+78125149988
+78122077160
+78121452590
+78123690626
+78124113902
+78120991509
+78124490400
+78126073235
+78125605727
+78122697785
+78122437534
+78123156503
+78127364632
+78120167910
+78126392744
+78125961002
+78123820258
+78126405508
+78124741182
+78128998917
+78120022515
+78125571654
+78123824742
+78123142315
+78121767918
+78127563114
+78129686012
+78122665819
+78129578763
+78122083137
+78129670704
+78127055156
+78120498023
+78123154435
+78129356396
+78120262723
+78126277509
+78122537881
+78121654625
+78125182311
+78124870878
+78122181000
+78127563810
+78122866076
+78125354136
+78125456558
+78121460663
+78125956721
+78126687041
+78129714297
+78124341080
+78128615928
+78129639045
+78121744619
+78125425231
+78120259545
+78121842292
+78127684875
+78122894205
+78123129574
+78125988902
+78127106969
+78124956909
+78122117964
+78125334450
+78127086677
+78127386488
+78120049684
+78121765377
+78128564346
+78127561358
+78126233075
+78125179959
+78120624184
+78123107780
+78121361123
+78124153650
+78122213061
+78127214028
+78126537774
+78129955552
+78127408023
+78124525707
+78125113855
+78125030568
+78120821059
+78121108282
+78129318865
+78127943526
+78120971567
+78128740668
+78120038792
+78128673840
+78124719485
+78126032717
+78122159074
+78124233732
+78120405257
+78126113390
+78121651490
+78122319740
+78129132711
+78122365270
+78123658566
+78120877375
+78128855069
+78129582386
+78124240818
+78120664317
+78120280882
+78123016983
+78120859048
+78120444517
+78124553382
+78129348183
+78127817298
+78123279445
+78120124941
+78127679512
+78129492375
+78120275724
+78123613132
+78129995117
+78125739597
+78122429766
+78123844163
+78126267448
+78121297264
+78121649210
+78129500241
+78127761251
+78127110864
+78122995001
+78125297716
+78129261875
+78128766306
+78120610639
+78125992157
+78128326182
+78125879945
+78120706098
+78129780360
+78129281011
+78120869229
+78120990986
+78126589191
+78122013130
+78121714917
+78121700669
+78122823844
+78124645947
+78122861031
+78121227910
+78120248699
+78125364846
+78123223645
+78127756957
+78128285276
+78121229680
+78120336784
+78125015694
+78122204061
+78129315215
+78125993748
+78124980835
+78126556267
+78120862024
+78122480873
+78126235696
+78125187868
+78124505851
+78120008741
+78127593465
+78127375964
+78121409010
+78121099513
+78126351911
+78125925579
+78122062163
+78127222465
+78129028235
+78123828525
+78122204837
+78126080731
+78124356704
+78129694842
+78126255631
+78123040457
+78129256397
+78126674195
+78122138442
+78124689268
+78128381354
+78122143001
+78121415933
+78120232814
+78125389929
+78124454567
+78121930375
+78129868015
+78125454755
+78129065742
+78124597241
+78122803069
+78120497959
+78125643061
+78122024436
+78122702397
+78124723213
+78127718323
+78123508975
+78125649613
+78128531769
+78124038364
+78122451212
+78128664804
+78125883478
+78128272919
+78126528656
+78122391338
+78121726515
+78124253445
+78129796361
+78129072351
+78123418661
+78129733283
+78126380906
+78120314939
+78128114734
+78120803745
+78127347406
+78124794197
+78120947284
+78127464917
+78125239394
+78127329309
+78129312255
+78120239316
+78123086034
+78127770863
+78129402061
+78128412571
+78128058307
+78127406144
+78128439140
+78128124932
+78124867838
+78128929361
+78121412912
+78123522940
+78123611997
+78128971694
+78123503721
+78128337830
+78120120008
+78120617554
+78121429730
+78126424736
+78124985065
+78122678227
+78127024320
+78127255623
+78121171822
+78129091275
+78127741042
+78127723064
+78127126457
+78125747497
+78127138556
+78123963505
+78122896369
+78123458420
+78123409062
+78125881834
+78121474163
+78120835146
+78128758373
+78125113464
+78120201837
+78122044410
+78128522252
+78126311967
+78128816286
+78129194398
+78124047564
+78129539109
+78129161036
+78125648620
+78123489021
+78128490590
+78120770140
+78120547848
+78128609910
+78126982998
+78126508914
+78126975356
+78122722821
+78122081961
+78122141391
+78128952525
+78129708023
+78122241958
+78127321241
+78123638886
+78126766999
+78122341923
+78125588099
+78126235193
+78127937939
+78126336662
+78122002097
+78122023050
+78124454745
+78128804536
+78124705671
+78128328925
+78127085539
+78122098366
+78123630459
+78129118462
+78127173467
+78126760329
+78128273766
+78128753485
+78129254932
+78121874061
+78128836593
+78127881633
+78126906332
+78121991601
+78129414349
+78122729166
+78126630965
+78126432447
+78128882283
+78125656214
+78128898449
+78129244618
+78120783519
+78127470610
+78129924416
+78124080266
+78124469550
+78120846040
+78124259413
+78121293856
+78129235849
+78122443943
+78127831079
+78129958421
+78124502900
+78125454998
+78127288980
+78127572797
+78124753855
+78120170066
+78128468367
+78122520592
+78127736399
+78120740308
+78125518199
+78124240179
+78124358352
+78123746839
+78128029913
+78123845545
+78128181714
+78128976260
+78127207441
+78122637097
+78120608758
+78124526127
+78125769287
+78124125104
+78126403989
+78123205484
+78126198972
+78129591543
+78128458253
+78127422272
+78128268092
+78125110541
+78128731268
+78120022851
+78127857877
+78128834358
+78122235826
+78123811438
+78121309072
+78126630122
+78124602861
+78125339711
+78125185904
+78127778093
+78126375997
+78122040268
+78128737874
+78125135160
+78120729604
+78120893580
+78125313158
+78127238935
+78120897846
+78122528431
+78127229816
+78124033393
+78127216686
+78124978297
+78121099265
+78126800734
+78126623483
+78127160041
+78125027773
+78125443788
+78124079907
+78121471893
+78129616350
+78129426310
+78121771858
+78129607541
+78121224723
+78127631749
+78122700289
+78124090505
+78123710057
+78121198697
+78126898690
+78120915972
+78124334812
+78123189167
+78125761663
+78125515248
+78128116347
+78126657235
+78120197733
+78129581968
+78128041517
+78128391749
+78125853285
+78123333021
+78123698770
+78121078466
+78125137099
+78123273482
+78124162968
+78126591161
+78128548532
+78125020847
+78126355046
+78120682308
+78125300639
+78123132506
+78124275642
+78121084076
+78121768150
+78127383445
+78126243760
+78127837603
+78128950566
+78120465814
+78124981680
+78127413541
+78124749402
+78124903058
+78124761565
+78121666080
+78126540575
+78126547031
+78120876529
+78128639544
+78129925776
+78123013439
+78121616903
+78127672013
+78120558322
+78123307692
+78126345473
+78124034174
+78122006222
+78126233251
+78129634475
+78127939681
+78129252588
+78120252871
+78124519278
+78126283002
+78123829611
+78123691419
+78126188868
+78128789809
+78129215322
+78129183382
+78129188773
+78124153255
+78127671898
+78121714543
+78125222959
+78127580032
+78120998986
+78125840285
+78121800405
+78125325743
+78124363223
+78120883741
+78122196148
+78128125562
+78120832170
+78125853261
+78128110506
+78121997527
+78120182884
+78127070695
+78120756810
+78121077243
+78125154008
+78120687532
+78121739939
+78124677010
+78123613691
+78126042368
+78123143533
+78120170287
+78124891818
+78121375960
+78128574904
+78122205070
+78126065150
+78128888482
+78124973012
+78123274089
+78129621234
+78121296128
+78122583715
+78123353250
+78121333674
+78120431727
+78128626787
+78122355857
+78128035783
+78123790970
+78123341222
+78125704374
+78127875613
+78128308016
+78125157382
+78126239972
+78125032162
+78129379534
+78125978897
+78121141868
+78126177897
+78123478819
+78121619694
+78121890574
+78129198165
+78120339522
+78129475313
+78129254096
+78121673238
+78127223550
+78129703838
+78125336305
+78126389763
+78129574089
+78126035313
+78124757712
+78125022757
+78121512302
+78120644784
+78125093216
+78121999575
+78122606736
+78129126978
+78127789956
+78125601359
+78122029398
+78120090885
+78125455026
+78128682289
+78128242125
+78123521377
+78122243400
+78127969764
+78128989231
+78129372152
+78128783897
+78128355991
+78128981396
+78123455089
+78125814780
+78122512520
+78122855828
+78126366165
+78124612517
+78127892107
+78128296477
+78120482139
+78120175252
+78123235208
+78122777559
+78120781176
+78128461092
+78121584575
+78125350856
+78122493264
+78121121045
+78120475123
+78126974443
+78128210951
+78127427970
+78122744081
+78128913341
+78127237848
+78129138947
+78122252179
+78126130542
+78127605191
+78120489960
+78129640340
+78125401934
+78129521431
+78128047649
+78121365765
+78121640087
+78123918222
+78122699185
+78122189833
+78129709579
+78126079301
+78127058812
+78123001332
+78120236035
+78124377384
+78128997118
+78121865289
+78121291559
+78129672413
+78121302487
+78127329113
+78123249838
+78120604737
+78126811698
+78122034167
+78129238626
+78129606986
+78126873757
+78126147712
+78123650916
+78128758614
+78129266846
+78125022240
+78121660829
+78120446699
+78122621096
+78129882388
+78125453749
+78129435431
+78129479444
+78122266141
+78128796293
+78124779095
+78123397741
+78127868275
+78124577418
+78129689549
+78128975386
+78127299040
+78129824013
+78127292691
+78128801772
+78129140556
+78124884023
+78125302227
+78121829544
+78126851326
+78121521869
+78129951221
+78120426971
+78125779937
+78129017600
+78120662986
+78123962678
+78124524904
+78120657752
+78122901871
+78126743526
+78128847985
+78125062690
+78128107829
+78129395655
+78124013972
+78128964963
+78127456641
+78128014579
+78127136860
+78126715353
+78129985391
+78120366056
+78126945551
+78122376808
+78129633655
+78128239797
+78129205826
+78125383461
+78123470037
+78125083068
+78129847019
+78125799414
+78126286555
+78125346935
+78121072268
+78123878016
+78124429081
+78121621980
+78128741438
+78121662838
+78127118934
+78129628430
+78121445733
+78129017309
+78122192443
+78120635939
+78128466705
+78121755857
+78126621065
+78122872263
+78121068126
+78120188659
+78122253814
+78120132873
+78128089252
+78126113607
+78123221463
+78128777407
+78120523056
+78126713881
+78121435060
+78124778841
+78120321998
+78126085806
+78124055754
+78123101610
+78125374260
+78126845815
+78121188730
+78125021227
+78126538238
+78121240403
+78122249550
+78125218596
+78124907286
+78121055181
+78120636136