+375294614278
+375299770540
+375291725611
+375297443576
+375294756437
+375290546942
+375291468687
+375293269929
+375299404887
+375293153674
+375292058832
+375296906100
+375295153032
+375295871619
+375292571893
+375298410412
+375293833167
+375294490689
+375293692528
+375296941161
+375295477044
+375299365254
+375292398672
+375296748452
+375290061517
+375295307944
+375298395118
+375299263882
+375299914089
+375292031582
+375291183370
+375299768588
+375297998794
+375299815639
+375295819521
+375299745620
+375291039979
+375295052440
+375292287403
+375298795909
+375290300000
+375291585085
+375290405439
+375291980982
+375291392308
+375295605558
+375299924317
+375290659579
+375290994979
+375294910506
+375299902086
+375294119806
+375290539325
+375292678643
+375293484256
+375296765835
+375299882130
+375290827363
+375290212779
+375295603952
+375294015429
+375290123760
+375298106991
+375295185704
+375290665860
+375298226834
+375295444459
+375296764705
+375296235833
+375296635972
+375292697287
+375296433482
+375290669006
+375297916641
+375291163042
+375298502424
+375298049105
+375299755274
+375298078405
+375296550804
+375291862921
+375299642386
+375299314467
+375292300357
+375294373581
+375294588441
+375298292973
+375290314989
+375292668484
+375294289693
+375291381012
+375295464357
+375292437376
+375290467402
+375293174295
+375294227702
+375295668435
+375298112248
+375295608666
+375298876995
+375296220675
+375299672168
+375292858518
+375290609564
+375298624479
+375294666242
+375293838912
+375297293836
+375299824618
+375298470905
+375298918037
+375296725082
+375297454636
+375298457419
+375290011490
+375296357288
+375293349704
+375294029222
+375293457358
+375299481261
+375290557603
+375291603827
+375297280861
+375291993609
+375295541582
+375294212583
+375291239947
+375294640637
+375299245072
+375290376218
+375293233713
+375298815287
+375290261995
+375293255349
+375297314545
+375293795666
+375299389249
+375297511919
+375295011574
+375295331009
+375294896282
+375293413510
+375291226075
+375291981972
+375295108039
+375297063274
+375290601357
+375294564388
+375290970263
+375297020873
+375293307971
+375293876765
+375295387027
+375293081721
+375295175998
+375298695253
+375299259428
+375292699900
+375291801883
+375295327965
+375298082360
+375293952067
+375294732679
+375290299847
+375295599295
+375299079741
+375292448139
+375296814391
+375295077023
+375293090512
+375295657059
+375293116125
+375292243573
+375297293421
+375298679166
+375298719965
+375299055794
+375291485695
+375296248903
+375297477129
+375292560415
+375295421386
+375291080118
+375296567869
+375292516673
+375291535305
+375291352541
+375290898580
+375293230962
+375292556501
+375294789100
+375299904711
+375293512232
+375299814831
+375290022134
+375293551762
+375292425850
+375293222536
+375293984235
+375299076706
+375294953551
+375297323789
+375297869115
+375292260330
+375292517126
+375296824725
+375290242403
+375293066374
+375292544813
+375299597741
+375296600637
+375294467103
+375296884919
+375297865374
+375293510980
+375293605649
+375292882071
+375296740580
+375293292195
+375296693196
+375298468277
+375295190909
+375292963818
+375298880744
+375299141920
+375293043046
+375293272457
+375293531077
+375299218523
+375292813276
+375290384967
+375292042822
+375295460698
+375297029895
+375293422005
+375290959287
+375293389269
+375297205153
+375290670623
+375292975742
+375297010700
+375292094630
+375299776013
+375291089510
+375292130144
+375294491898
+375297648781
+375299074187
+375299040495
+375293402490
+375295403222
+375292963737
+375293178137
+375298872774
+375292555776
+375297335612
+375293084369
+375294641494
+375294011780
+375291417538
+375294628220
+375298592439
+375293001816
+375295780169
+375293246453
+375290254643
+375295303574
+375295217903
+375293887320
+375295581011
+375295190931
+375296225357
+375294637841
+375299959165
+375298487893
+375292595172
+375293632046
+375294105753
+375290148072
+375292293919
+375298259619
+375293971507
+375291232965
+375298457650
+375297644835
+375293328304
+375292872424
+375297904509
+375297375736
+375296999044
+375292146489
+375298963066
+375299336797
+375299739172
+375299704696
+375299390958
+375299156130
+375290391025
+375299545510
+375294054533
+375295926226
+375296646897
+375295140356
+375295120566
+375295878131
+375290649627
+375294137695
+375290826487
+375297489807
+375297274446
+375296952804
+375298663533
+375297235304
+375292147615
+375290159209
+375297543876
+375290023063
+375298804067
+375297309400
+375295544211
+375291362906
+375298728309
+375294008010
+375296419622
+375295805862
+375293567568
+375296997194
+375294570708
+375298877504
+375296062752
+375295116155
+375290258341
+375292988937
+375294381915
+375292713379
+375290423834
+375292392778
+375290730895
+375296759443
+375299688929
+375296943635
+375290888730
+375291535970
+375293873165
+375296923370
+375295823227
+375297197906
+375299360028
+375292005808
+375299172355
+375297587541
+375298848035
+375294583677
+375298581132
+375299164678
+375295336799
+375295751428
+375298649068
+375298544329
+375296253246
+375292196479
+375294325014
+375297820119
+375294517074
+375298493186
+375291811969
+375295276474
+375293563306
+375294556313
+375299469066
+375299423262
+375291894956
+375291214340
+375298739394
+375294666381
+375297106661
+375299222625
+375299843886
+375295299114
+375292459176
+375299925180
+375297555418
+375294895934
+375298019770
+375297329130
+375298642832
+375291181533
+375293420236
+375296987296
+375295134467
+375298573907
+375295027386
+375297570431
+375294549125
+375298347319
+375292165024
+375298282593
+375295807067
+375299162351
+375296717065
+375298313344
+375293553132
+375295828444
+375291582231
+375296240788
+375293345675
+375296800251
+375291063383
+375290708698
+375293350002
+375299261786
+375298322153
+375292309389
+375292562589
+375291669428
+375296057589
+375292975872
+375292838723
+375298972256
+375295161059
+375294792413
+375290657885
+375298391859
+375297658151
+375292196223
+375298806763
+375299268863
+375292944460
+375297930273
+375296474009
+375293692338
+375292306913
+375291773513
+375295166266
+375293687963
+375299489626
+375290305448
+375296568133
+375299129850
+375290976134
+375297582962
+375291943278
+375299018616
+375291432874
+375292282918
+375291243025
+375292699866
+375290929775
+375290429510
+375294405765
+375293591151
+375295412262
+375290526632
+375298365915
+375297548160
+375290192815
+375297743174
+375291150313
+375296788394
+375290368517
+375299161911
+375292615745
+375291435379
+375291527799
+375291691701
+375296354709
+375295248032
+375299496494
+375295372392
+375292849948
+375297327649
+375299923860
+375290763694
+375297986370
+375290287782
+375297415119
+375298555494
+375298382182
+375291189916
+375296727829
+375298422365
+375299341162
+375298127394
+375296775962
+375290504156
+375298020754
+375297731670
+375294784311
+375296188640
+375294362908
+375297183986
+375296570794
+375290237643
+375298947925
+375293303277
+375293491435
+375295921363
+375295795943
+375298460239
+375298973228
+375291195736
+375290690024
+375296199594
+375298170468
+375297814188
+375294835084
+375290365310
+375293828415
+375299661554
+375293854692
+375293926138
+375291036187
+375295431071
+375296772609
+375299270555
+375296938719
+375295345159
+375292799790
+375291777234
+375292760863
+375290701398
+375297855752
+375292065304
+375298167791
+375297290276
+375295243873
+375297961007
+375291469487
+375290622391
+375291639360
+375296627706
+375294288150
+375291335255
+375292845457
+375292989048
+375297638149
+375297380944
+375292977448
+375293654048
+375290262755
+375299458809
+375299783169
+375293593081
+375291838493
+375294822824
+375299310915
+375297577398
+375297121064
+375295673811
+375294384448
+375299593477
+375299030774
+375294263481
+375291046528
+375297882664
+375297754507
+375292447256
+375296011306
+375298535181
+375296641712
+375295678242
+375294407468
+375292284093
+375296883004
+375296148577
+375291786479
+375299800746
+375292482529
+375294300180
+375295999685
+375297654128
+375297772964
+375299530343
+375293280135
+375290131326
+375299339972
+375293696135
+375296358716
+375292096356
+375299918747
+375291673928
+375295442510
+375291034607
+375290937308
+375297586773
+375291756864
+375296842818
+375290174259
+375291868591
+375296724374
+375295833013
+375293055554
+375293158075
+375295728469
+375295246477
+375297233880
+375299500357
+375293078768
+375299284061
+375299507309
+375296930518
+375291688261
+375299060687
+375293826919
+375291257446
+375290443156
+375295212187
+375297016212
+375294818283
+375292763335
+375295617582
+375299492526
+375290873617
+375299322771
+375294200123
+375296232591
+375297993162
+375290437250
+375297179309
+375293238244
+375294336957
+375290073680
+375299723723
+375295698138
+375296126797
+375290406310
+375298356598
+375296797174
+375299756624
+375296540642
+375297723705
+375298419257
+375292289437
+375298115531
+375291368412
+375296318980
+375291925297
+375290875288
+375292536659
+375299018911
+375291363235
+375292284179
+375292219701
+375290369570
+375291604067
+375299570365
+375299657664
+375290065872
+375294234907
+375296499145
+375290087724
+375292130859
+375298378346
+375299591952
+375295083221
+375294453056
+375299372742
+375299289700
+375290862178
+375292483042
+375298026453
+375297235238
+375292453249
+375298778207
+375290975409
+375292275658
+375290412817
+375299541522
+375292016109
+375293699287
+375292950037
+375298213440
+375294135229
+375299941724
+375292002382
+375290355851
+375297489785
+375298985225
+375293676498
+375293301924
+375297364111
+375291954218
+375297622518
+375295814061
+375299821040
+375294657743
+375290676756
+375294775493
+375297647159
+375291539964
+375293270833
+375291185029
+375299350946
+375299009659
+375297705048
+375295775963
+375290800371
+375297223824
+375299410902
+375297007736
+375292786409
+375293151497
+375294843977
+375297845114
+375298302393
+375291895869
+375295354131
+375291543788
+375291885812
+375290168851
+375299680009
+375295453238
+375292601821
+375294783397
+375296536528
+375297340734
+375290408727
+375299663535
+375298884166
+375290197447
+375298736019
+375297533885
+375297329989
+375290874249
+375292382572
+375293562410
+375294224113
+375299162553
+375299194926
+375297242454
+375297728860
+375297602130
+375295944217
+375294228777
+375294033631
+375299171572
+375297759929
+375295122907
+375290177591
+375290966697
+375296245539
+375295234219
+375292608522
+375291928893
+375292708098
+375292214407
+375296752079
+375297106130
+375291121118
+375293978955
+375293093885
+375290611026
+375293835918
+375290610166
+375296584430
+375290160422
+375290530613
+375297579143
+375290234639
+375295579797
+375295181229
+375297799237
+375295071368
+375292580468
+375297710911
+375298060433
+375294018797
+375294599289
+375295005212
+375292817247
+375295942821
+375298130920
+375293195326
+375290732109
+375299498611
+375292552757
+375297760926
+375299921918
+375295771886
+375294131702
+375297956116
+375290829918
+375298577448
+375295203238
+375292474535
+375291851946
+375290454843
+375297489860
+375291756002
+375299839207
+375295373807
+375295553254
+375293904036
+375291093166
+375290398474
+375293936579
+375296037396
+375290681248
+375298822562
+375296542241
+375295468433
+375299262655
+375293778497
+375294227736
+375298312657
+375297474938
+375290614595
+375292789142
+375297424909
+375295704097
+375296961812
+375299001521
+375296476472
+375295355327
+375291310540
+375295061374
+375292257087
+375292216486
+375292867272
+375297891640
+375296657522
+375295450216
+375299321049
+375293900318
+375298473702
+375294727892
+375293404903
+375299332422
+375296963996
+375296915933
+375297467400
+375293358570
+375297757621
+375291280523
+375296010013
+375295920723
+375299916128
+375295740974
+375297558791
+375298435660
+375295227510
+375299418263
+375291889801
+375294521138
+375295051262
+375291303933
+375292110227
+375298070357
+375296309921
+375296136478
+375299981257
+375295509188
+375291971281
+375290555242
+375293036616
+375296718605
+375290393102
+375296878290
+375290327599
+375297193251
+375298160292
+375297060976
+375291986878
+375299891314
+375292035963
+375296076747
+375294553239
+375291835978
+375298177805
+375291308777
+375293355647
+375292132814
+375293241296
+375292720502
+375294740119
+375292261417
+375293295169
+375293238366
+375293084278
+375290565643
+375296357951
+375298502170
+375297999784
+375293130569
+375290599112
+375296328023
+375291278126
+375293949641
+375290161290
+375292273511
+375293954119
+375291447964
+375297109019
+375294770887
+375297269464
+375290930589
+375299020224
+375299177049
+375297671227
+375292147030
+375294307544
+375296226614
+375297150334
+375295835245
+375298543098
+375291038272
+375299803259
+375293325773
+375293794771
+375297470200
+375299051548
+375297155880
+375296063782
+375293055157
+375296222612
+375292791503
+375290957783
+375299960431
+375296442567
+375294680622
+375291749670
+375296751073
+375291707475
+375293489616
+375299075880
+375295666493
+375297332080
+375292938006
+375290458363
+375292956992
+375292693407
+375299150120
+375297500149
+375293413340
+375290995971
+375298790002
+375296378772
+375291445842
+375294244963
+375293383401
+375293880611
+375295634163
+375298707345
+375298312422
+375291187205
+375296917553
+375292306764
+375290584712
+375292065023
+375291546070
+375291199735
+375299326546
+375294235562
+375291731534
+375294452810
+375295240608
+375293168784
+375296711167
+375290388486
+375290007087
+375299417367
+375294806472
+375291146906
+375290681454
+375290623392
+375298232068
+375297287248
+375290645290
+375296259287
+375290131713
+375293126600
+375296529421
+375295717587
+375299077102
+375292429536
+375298803124
+375299535401
+375291813949
+375298213575
+375296678814
+375297831945
+375293733136
+375295740594
+375296105354
+375293712272
+375294696956
+375293069011
+375292226766
+375294827653
+375291271847
+375294315422
+375294541202
+375299435976
+375290438800
+375294289417
+375297119236
+375298078739
+375297266379
+375299864934
+375172530963
+375173951222
+375176356408
+375173012277
+375173043685
+375178020351
+375178752740
+375174246011
+375171667428
+375173036545
+375171169670
+375170470594
+375175140323
+375173638082
+375170917718
+375176681528
+375173317643
+375170781603
+375170437625
+375178354635
+375177674014
+375178224351
+375170417760
+375170506956
+375172312564
+375178672285
+375173710427
+375177717374
+375171686220
+375179732696
+375177711985
+375175659404
+375176239541
+375171578548
+375171931898
+375176320477
+375170105521
+375177852345
+375174862856
+375179943624
+375173429736
+375172275630
+375172630194
+375178934171
+375172340605
+375172349640
+375170482332
+375172664489
+375171378426
+375176062471
+375171075307
+375176401298
+375173617884
+375179174989
+375178762738
+375177849733
+375179488333
+375175064965
+375173101494
+375177915356
+375170503846
+375174383932
+375175240292
+375179452925
+375177635099
+375172882116
+375174076006
+375174123473
+375173674579
+375175817974
+375178208268
+375178012844
+375171267955
+375174723477
+375179712399
+375170058590
+375171740305
+375177811584
+375176679572
+375177743650
+375172495452
+375173338284
+375174189805
+375177004502
+375174128650
+375179391139
+375175854810
+375171116143
+375176643243
+375178230626
+375171259366
+375177828254
+375172914456
+375177934295
+375172036701
+375178330979
+375176160633
+375172684638
+375174141166
+375179909601
+375171847171
+375174981379
+375178490050
+375175191115
+375179991715
+375170424122
+375176107718
+375172744996
+375179696848
+375178039259
+375177075158
+375173282251
+375171080569
+375177240839
+375174705280
+375171884396
+375170555149
+375177385781
+375176179085
+375176370336
+375179290799
+375173890712
+375173024876
+375171465829
+375174871776
+375175613746
+375175944719
+375175543830
+375172740501
+375176243713
+375170768867
+375171179572
+375175680791
+375172579702
+375178857431
+375174860688
+375175622646
+375170387304
+375179094310
+375170796678
+375174140509
+375173827979
+375178932140
+375171987779
+375178323329
+375171240048
+375174105617
+375171648330
+375177361658
+375178378867
+375178884961
+375172695008
+375174490977
+375171569132
+375171041662
+375172152230
+375177967745
+375179281611
+375171598118
+375173366672
+375177915364
+375179245353
+375170242426
+375175342066
+375176739373
+375170784219
+375173458716
+375175056714
+375178832565
+375173306490
+375174571734
+375174092135
+375171927683
+375171366365
+375172290543
+375174226586
+375177943783
+375171054712
+375173209639
+375176282159
+375174422262
+375177885915
+375173529911
+375174975474
+375172724448
+375172772825
+375178727933
+375172197836
+375171855347
+375171480642
+375171421854
+375177486857
+375173347723
+375176293628
+375176094635
+375178306875
+375170008237
+375176722900
+375170907351
+375179188931
+375174186565
+375173742847
+375174868370
+375179828149
+375176721373
+375175783263
+375174958752
+375173555941
+375172376103
+375178211948
+375173331858
+375171370896
+375173384412
+375174343727
+375176025607
+375174583545
+375178333557
+375178126408
+375171167245
+375170305853
+375179614283
+375179674755
+375176269716
+375175634261
+375173265006
+375177354903
+375173950117
+375178000722
+375175966037
+375176226352
+375174866932
+375174382613
+375170081358
+375177060697
+375177376704
+375174340472
+375177060650
+375175742613
+375175102144
+375177862687
+375179445959
+375172478612
+375172234780
+375177673557
+375179208703
+375174090122
+375174582487
+375175541026
+375174782713
+375172334558
+375171725606
+375175135495
+375177325558
+375179114704
+375178644617
+375173087037
+375177932519
+375173180239
+375170467539
+375173764142
+375173509704
+375172315616
+375175240639
+375171642060
+375172140280
+375171208364
+375179905205
+375176067772
+375178790505
+375173557206
+375179672736
+375173210949
+375171997044
+375170002174
+375174131495
+375171781180
+375177918461
+375176277918
+375172147095
+375177349142
+375174378993
+375171041124
+375174915968
+375170252782
+375172902938
+375173215569
+375176055732
+375176803625
+375172601092
+375172497187
+375179237666
+375174760029
+375178049973
+375171293170
+375179486058
+375172452755
+375175045787
+375170721433
+375178208783
+375173920586
+375179166946
+375171925359
+375177004934
+375173738509
+375172611081
+375177370871
+375177106549
+375171377471
+375173383194
+375173292917
+375173838237
+375177521238
+375177698647
+375176615792
+375177590975
+375173796172
+375173179549
+375171079990
+375175075732
+375170161880
+375170725217
+375172432439
+375173751072
+375178927820
+375170242426
+375177991381
+375176696417
+375170919217
+375174249406
+375170534451
+375172076249
+375174026208
+375172357429
+375177392802
+375171973476
+375178850947
+375177392587
+375172650781
+375178823691
+375178757139
+375176812785
+375174102911
+375170316331
+375170681080
+375176194944
+375176466574
+375171624935
+375170410227
+375173643188
+375172448294
+375175784144
+375179522801
+375177558436
+375178050995
+375176397849
+375170298319
+375177591857
+375176276221
+375176175572
+375170243343
+375179227804
+375173215424
+375173269994
+375172825267
+375179998943
+375176471722
+375174993843
+375173666248
+375173702135
+375178395515
+375171540071
+375174896279
+375175987335
+375176462623
+375178878681
+375176179864
+375175318660
+375171667994
+375177254174
+375178177722
+375175312015
+375178188135
+375176138976
+375179456679
+375171131393
+375171102562
+375177606374
+375171097799
+375170303335
+375175571203
+375176460103
+375170308207
+375174868123
+375178080129
+375177578611
+375174256239
+375171653880
+375179960158
+375171677784
+375170093391
+375175673589
+375177559148
+375170508450
+375175089994
+375176272067
+375172273765
+375172566172
+375177066001
+375172993661
+375179816474
+375173034751
+375176717734
+375172438046
+375173868515
+375171939544
+375171699930
+375178308878
+375175511770
+375176381733
+375179299691
+375173132824
+375178655354
+375178216646
+375177554569
+375178217561
+375172695235
+375176772238
+375179344033
+375176461075
+375174487847
+375171573953
+375179739068
+375171492245
+375179448822
+375177936575
+375174835512
+375176188646
+375179047278
+375177262916
+375179084211
+375173079435
+375173016706
+375172261335
+375173485594
+375179184548
+375174052016
+375173357601
+375174950898
+375171636015
+375172073246
+375177134244
+375173062951
+375172473528
+375173515971
+375179521068
+375176566077
+375172467746
+375170760577
+375173063657
+375170391164
+375171018478
+375175551236
+375173399863
+375170302946
+375174798583
+375173926282
+375172250899
+375172912383
+375175361203
+375179522458
+375177366365
+375176779517
+375174426452
+375171465942
+375178821586
+375175411592
+375173568182
+375173882309
+375179225197
+375173889718
+375176488311
+375170093184
+375171762739
+375172809980
+375173947063
+375176248199
+375177654055
+375173522428
+375172353994
+375172844747
+375170391853
+375171545824
+375176035972
+375175673149
+375177826468
+375171219559
+375175365098
+375175506098
+375178142827
+375175990491
+375173863750
+375170000099
+375171319699
+375178913934
+375171069562
+375177377266
+375170836838
+375172902344
+375175041677
+375170523288
+375177295572
+375177300855
+375175952737
+375178920803
+375172218936
+375177775239
+375172510888
+375178086111
+375174214681
+375176898297
+375174952839
+375174726949
+375176173087
+375177659524
+375172021427
+375170059443
+375176046922
+375179775025
+375172746025
+375172097528
+375173383510
+375179700953
+375172882043
+375174300592
+375173029224
+375170420962
+375174055488
+375171907826
+375173905247
+375179928550
+375175650440
+375173032303
+375179421994
+375179775275
+375173198504
+375170713750
+375179299247
+375171574233
+375174350399
+375177074672
+375179151533
+375178021458
+375179392386
+375179345161
+375178723060
+375177301890
+375172905865
+375170031742
+375172593192
+375173301219
+375170918676
+375177975490
+375175996925
+375176648744
+375174570237
+375172457463
+375176366628
+375179317855
+375171233614
+375175960509
+375174670862
+375170448901
+375173549698
+375178424526
+375178397024
+375176996917
+375177223206
+375175940100
+375174075226
+375172562745
+375177789740
+375173545546
+375174457617
+375177415969
+375174862365
+375171027488
+375172479559
+375179088785
+375176139896
+375179974753
+375179105699
+375170857609
+375172330290
+375178866407
+375171798694
+375177953947
+375178031933
+375172046020
+375179006943
+375173803376
+375177937375
+375177028220
+375173182528
+375170934696
+375179012778
+375177040342
+375176181371
+375176483457
+375175863559
+375175349865
+375178461276
+375172526000
+375178704298
+375173271936
+375178290050
+375170391308
+375177879857
+375177537894
+375172482984
+375171325308
+375179507189
+375173262209
+375175764515
+375175738810
+375176057946
+375177359444
+375172148295
+375177965063
+375177856229
+375175499948
+375175298256
+375175245973
+375175848038
+375178858249
+375176968527
+375175265092
+375177758034
+375172075473
+375176992272
+375170840777
+375174234684
+375178132963
+375176289008
+375178216981
+375170587425
+375174953699
+375171732712
+375174333157
+375171505858
+375175461355
+375173871998
+375173175748
+375170849322
+375176809464
+375174184177
+375178506084
+375176990119
+375170084632
+375174146821
+375178138989
+375177859057
+375175551882
+375179708015
+375172972767
+375175336817
+375177355189
+375175996145
+375173261936
+375177915199
+375172534335
+375173454908
+375173542908
+375170011919
+375176369718
+375176455449
+375179418594
+375179679771
+375170747928
+375177322710
+375175150106
+375176394019
+375178398674
+375171659756
+375177248209
+375174945036
+375176573326
+375178246800
+375172445544
+375173943212
+375176020295
+375171970976
+375171187536
+375172125254
+375175798759
+375174693466
+375177432801
+375171354903
+375178336835
+375170564131
+375177416426
+375176205340
+375177476738
+375178529838
+375178923299
+375171934446
+375179476864
+375172760057
+375174916815
+375171945317
+375176504140
+375171742211
+375171249399
+375178402575
+375172564078
+375174257464
+375178952847
+375178894556
+375171211004
+375172927572
+375176774252
+375173158726
+375175805840
+375173289913
+375178101622
+375174882040
+375172010421
+375175985011
+375173219539
+375172712229
+375173158376
+375177448658
+375177992382
+375176488773
+375178981650
+375179426006
+375170513438
+375178685326
+375171447941
+375179459427
+375177871262
+375173177339
+375178327847
+375178373558
+375174647278
+375178621926
+375175953421
+375176971454
+375171964640
+375171370548
+375173458762
+375175950599
+375179515020
+375175721212
+375175843467
+375176211208
+375175976177
+375175987013
+375179803574
+375170522604
+375170181959
+375174735871
+375175110961
+375172438471
+375178968453
+375173751479
+375179018728
+375177171986
+375178363803
+375177842532
+375174321610
+375173842710
+375174793725
+375170965380
+375172288491
+375178605711
+375178055300
+375170693591
+375172066984
+375174532754
+375176919012
+375178144062
+375176895743
+375170747382
+375178399520
+375174475098
+375178735267
+375174107027
+375176782985
+375173284261
+375174466149
+375176946215
+375178418261
+375179902613
+375176067454
+375175877036
+375177870486
+375178674704
+375170025666
+375174494763
+375174058813
+375177005159
+375176172744
+375178465091
+375179638764
+375177508100
+375172800352
+375179879784
+375174752407
+375176807914
+375170523044
+375172290037
+375170375357
+375174874926
+375177837287
+375170651036
+375176460030
+375171791951
+375173545410
+375177667938
+375177467862
+375173112629
+375178352467
+375173302698
+375174412042
+375175372663
+375170865537
+375177814798
+375174035469
+375170736460
+375175790179
+375175133024
+375172816417
+375178012627
+375179731420
+375173434680
+375176151226
+375173730902
+375177502712
+375176662561
+375178730091
+375176435455
+375170548770
+375173768380
+375175425339
+375177251803
+375176784488
+375176479381
+375172346736
+375176165294
+375177342221
+375177970799
+375173460834
+375175107147
+375178110338
+375172610511
+375175893148
+375176847316
+375173817198
+375175951061
+375174196672
+375176799851
+375173295270
+375177598114
+375172338050
+375172061674
+375170352150
+375170062119
+375174225832
+375173929670
+375170592101
+375171852947
+375177095316
+375170977674
+375173404517
+375179298662
+375176199357
+375174411269
+375171906072
+375179196710
+375173936510
+375176218814
+375170560280
+375170997101
+375170515725
+375174723873
+375172095807
+375170671796
+375175822186
+375176995634
+375173342411
+375178865822
+375171552328
+375171757196
+375173077282
+375177876199
+375175549739
+375170461436
+375174367288
+375177568560
+375171598897
+375174418877
+375171393284
+375173078789
+375173972851
+375179217080
+375172054894
+375170217006
+375179367870
+375179160961
+375177675617
+375173844908
+375173462170
+375178618330
+375179766933
+375172761850
+375179740452
+375172306717
+375179338761
+375174812315
+375178033555
+375179656823
+375175653362
+375174408660
+375176382931
+375170658886
+375175179807
+375174810425
+375175335743
+375171869723
+375174122196
+375177771922
+375176604142
+375173920164
+375177699555
+375172352678
+375174875398
+375178070716
+375178543097
+375172268041
+375173807893
+375179176341
+375170551524
+375174174699
+375178976804
+375172155676
+375173178327
+375173529419
+375171600748
+375175442118
+375172536804
+375176710804
+375177404884
+375173964058
+375170298340
+375171100240
+375178047981
+375178878361
+375178131531
+375175167677
+375177227140
+375172775390
+375170346753
+375177903688
+375170021421
+375170833836
+375176054686
+375178765540
+375174279486
+375177996255
+375176132905
+375177132538
+375176601466
+375176589049
+375175384333
+375175641021
+375178173846
+375179549936
+375176590921
+375179559876
+375179408873
+375172771046
+375179578883
+375174972639
+375177046774
+375175115573
+375173041878
+375176553949
+375174431271
+375179235060
+375176555238
+375179338726
+375177049857
+375178039632
+375178791171
+375171408761
+375176544112
+375171588912
+375179190811
+375175182806
+375338611907
+375332442254
+375333275040
+375338175892
+375336475457
+375339191735
+375336277772
+375339028954
+375339213780
+375330977238
+375335553380
+375338317853
+375337504311
+375330813101
+375336719523
+375335413041
+375330134348
+375333065083
+375335461795
+375333654162
+375338552945
+375334284011
+375336783635
+375330141863
+375332991354
+375337228334
+375331328688
+375339388925
+375331534082
+375330454804
+375333780567
+375330640892
+375335545373
+375332991931
+375330946612
+375337666686
+375334068892
+375338118522
+375332628845
+375330127098
+375339428458
+375337022348
+375331049596
+375331932817
+375336061555
+375335768144
+375335830897
+375338027205
+375330116669
+375333515058
+375334163143
+375334667627
+375333820423
+375338438024
+375333175515
+375337174440
+375332397626
+375337937271
+375338913163
+375338022530
+375337953218
+375331164880
+375338109748
+375335080498
+375339451631
+375335724621
+375334241628
+375333727619
+375335471880
+375336272497
+375332109391
+375336332438
+375337626429
+375334739708
+375331985891
+375332577857
+375331926217
+375339066155
+375334372397
+375334432918
+375331173240
+375335786248
+375338691667
+375331031122
+375333966478
+375334757244
+375331317098
+375339221455
+375335149939
+375331513054
+375338699571
+375339474922
+375333743047
+375339859391
+375335020835
+375337227452
+375332622094
+375337990813
+375331540998
+375332147666
+375332813763
+375335354597
+375334173150
+375337423182
+375337475010
+375335600577
+375339441056
+375330811745
+375338209405
+375336692472
+375332752210
+375330248693
+375331356315
+375337531255
+375333075288
+375330217142
+375337791852
+375330573128
+375332605598
+375332934457
+375333732368
+375331573768
+375333858844
+375333748320
+375339392076
+375333450131
+375332640191
+375336530837
+375337717489
+375332484899
+375336317222
+375338506874
+375334539337
+375337606506
+375333896015
+375337555302
+375336570856
+375331727799
+375337878037
+375338332350
+375330899366
+375334822813
+375330140417
+375334167667
+375335778334
+375332600846
+375335080164
+375337044711
+375338812250
+375331149507
+375330612258
+375336243465
+375335657161
+375337622602
+375336499989
+375330394057
+375331223846
+375330987914
+375335355241
+375338078554
+375338707173
+375336195231
+375337629142
+375334080538
+375330912644
+375335498705
+375337858288
+375339785069
+375336123576
+375331599655
+375333036923
+375339139830
+375334370041
+375330116770
+375338477606
+375332051356
+375339380802
+375331449159
+375330776732
+375334718386
+375332520558
+375339361961
+375333861281
+375335349211
+375336441929
+375336505125
+375330163080
+375332454678
+375331241531
+375338180435
+375335285081
+375332679351
+375338574986
+375330484848
+375336697510
+375338772387
+375334473331
+375338077561
+375333198306
+375338331214
+375336109513
+375332017639
+375334988949
+375337399536
+375334619843
+375335581871
+375336005403
+375334229590
+375336204645
+375339337150
+375335140173
+375339645655
+375337664026
+375335967576
+375338119855
+375332048500
+375336776946
+375333338099
+375330189738
+375334270283
+375335155510
+375335385273
+375339126505
+375333395134
+375335921120
+375336829662
+375337513573
+375330342680
+375338230537
+375332908523
+375337573302
+375333760562
+375339544925
+375332608841
+375339902936
+375330336060
+375332531793
+375335384701
+375339108571
+375330510129
+375337355295
+375333320338
+375335810536
+375338770964
+375330022070
+375331235627
+375330916272
+375335025672
+375337507301
+375333499771
+375336249071
+375337314041
+375339162276
+375332659467
+375339100816
+375335805213
+375333035701
+375337691263
+375337416682
+375336278300
+375331428438
+375330742474
+375331688409
+375332696793
+375333578960
+375334528269
+375332726817
+375338665694
+375335175884
+375333706300
+375338326406
+375337383332
+375335043995
+375336690696
+375332907970
+375331904323
+375333822885
+375334440415
+375330640357
+375335798037
+375331959814
+375336930087
+375334218893
+375336226590
+375339667709
+375330240111
+375334342276
+375330865863
+375332950054
+375338819035
+375337970630
+375331629257
+375335366807
+375338969213
+375331008405
+375336759335
+375336155222
+375332804045
+375334599654
+375332036485
+375330163494
+375338409851
+375331127670
+375338352204
+375331165011
+375335284897
+375330076785
+375332085029
+375334584603
+375332161141
+375334972728
+375333754046
+375330597529
+375334696117
+375330588878
+375334454829
+375337862161
+375333124290
+375335813605
+375334053342
+375333934540
+375336328331
+375331318368
+375337410931
+375333478987
+375331044362
+375339433121
+375336296619
+375335675450
+375336509135
+375338940259
+375338954043
+375331116622
+375337329780
+375337559158
+375334434870
+375338155488
+375331019914
+375337069558
+375330248958
+375337431213
+375332431688
+375339524115
+375334004582
+375332545680
+375332309182
+375333555716
+375331667480
+375334531430
+375337059980
+375334682744
+375330065963
+375332646043
+375335964768
+375332640099
+375330579202
+375337717245
+375333121804
+375336917809
+375336678603
+375337420977
+375339047189
+375338156245
+375331378302
+375334413296
+375339190088
+375330442901
+375333886818
+375335978939
+375335895783
+375332801812
+375339088261
+375336856254
+375334432269
+375334062184
+375339291909
+375339521179
+375331274979
+375337669510
+375334963060
+375332213908
+375333662356
+375332307402
+375330920620
+375335115206
+375336380941
+375337292310
+375331347555
+375336759725
+375335354866
+375339582796
+375332167628
+375330328672
+375331779435
+375338366235
+375334221505
+375334730562
+375334969313
+375335987342
+375336491547
+375332108734
+375333116249
+375334757275
+375332408978
+375339906258
+375336938426
+375330252001
+375335115997
+375338751238
+375333178436
+375335265388
+375339049917
+375338200689
+375339684058
+375337520318
+375331321499
+375332039829
+375338828315
+375336700893
+375332507509
+375330379567
+375335038189
+375335083913
+375337392491
+375333848523
+375332694482
+375338148271
+375331135040
+375332527758
+375332747577
+375338221931
+375334565978
+375332109789
+375335460244
+375336725036
+375339298081
+375330117916
+375336358709
+375337197552
+375338238141
+375335294469
+375339497491
+375330096610
+375334435847
+375337692383
+375333308210
+375332998103
+375334713298
+375336729652
+375339382585
+375338559595
+375336748628
+375330026656
+375338483331
+375338714675
+375334911204
+375330607163
+375331144456
+375332788431
+375333305349
+375331913654
+375336821385
+375336340769
+375339963458
+375334000548
+375332136082
+375332779360
+375336671257
+375335781173
+375338619535
+375331274978
+375334666233
+375331293927
+375339965223
+375335094879
+375334596934
+375335344612
+375331914248
+375335713406
+375336555806
+375334091217
+375331973451
+375332237397
+375335254328
+375332785968
+375335649259
+375338231201
+375333616804
+375338367958
+375332245830
+375336489496
+375336844996
+375332342937
+375336174571
+375331916984
+375337996964
+375339848110
+375333729541
+375334343188
+375338757499
+375338320538
+375331177594
+375332824703
+375338943947
+375337092371
+375339824874
+375335753890
+375339409977
+375338691417
+375330988639
+375331469467
+375331720507
+375337751835
+375332479862
+375331896560
+375334389353
+375333922281
+375333941670
+375335941649
+375337701342
+375333496311
+375330686384
+375338905495
+375336520957
+375339693709
+375336750609
+375339903965
+375331861334
+375330468466
+375334111106
+375330740306
+375338361714
+375335150721
+375334336407
+375338251226
+375335323570
+375338606928
+375335290275
+375339121392
+375333428238
+375330979263
+375338381032
+375334518537
+375338060451
+375335847575
+375331361791
+375334309677
+375338462977
+375336222976
+375330227149
+375337964749
+375338688363
+375338528289
+375331213609
+375330687083
+375334278818
+375336159053
+375337454558
+375331721561
+375338887074
+375338069500
+375335680175
+375334750360
+375335895542
+375334930944
+375330342006
+375337151754
+375334489804
+375339839284
+375331862827
+375333281734
+375337215368
+375334226160
+375335644921
+375334942383
+375331564157
+375337938531
+375330649852
+375335658599
+375334506172
+375337572993
+375335794327
+375338273170
+375333124852
+375331081011
+375339102381
+375331952669
+375337236862
+375337117223
+375333446268
+375335462161
+375338556276
+375339771903
+375335807491
+375333825443
+375339991751
+375333883926
+375331626636
+375332856399
+375338946562
+375334014388
+375335001461
+375335738631
+375332618236
+375334817691
+375330235952
+375332638953
+375331404871
+375336203225
+375334983408
+375337266709
+375335043756
+375338770924
+375332277364
+375338076165
+375336004578
+375334654898
+375331585126
+375333364021
+375332228912
+375337776657
+375331533703
+375334064272
+375339529642
+375332008676
+375332020161
+375336708523
+375337643177
+375338725483
+375339670295
+375336672818
+375338209073
+375335540488
+375334546405
+375336345521
+375335125954
+375331865649
+375339484436
+375337062285
+375330839475
+375336113604
+375334209660
+375337769527
+375331065811
+375333379415
+375334580294
+375337093379
+375337506720
+375335899048
+375330753793
+375330283087
+375333840051
+375333053548
+375332399324
+375335375153
+375333763379
+375338404880
+375332005359
+375339640186
+375336289075
+375332521432
+375333226815
+375338080846
+375337437296
+375335969286
+375331929176
+375337506060
+375331354329
+375331683459
+375334155925
+375338638235
+375337180388
+375334789285
+375339128476
+375333906260
+375337901796
+375336508365
+375337721583
+375337350060
+375335092064
+375332466019
+375339194934
+375337977675
+375338548286
+375333214402
+375332282629
+375332609460
+375332514379
+375339024148
+375337653957
+375331815428
+375337911719
+375331113696
+375336276748
+375332057334
+375333520617
+375333919883
+375330018508
+375330353794
+375334721999
+375339127952
+375335491478
+375331389330
+375330290292
+375330490921
+375336170955
+375339393601
+375333075907
+375334714930
+375334763314
+375335462589
+375338748719
+375338178484
+375335139273
+375332017815
+375338056158
+375336691430
+375335398136
+375334712879
+375337539010
+375337982382
+375332264538
+375331929716
+375337058255
+375335329248
+375336591871
+375337395560
+375336519179
+375331164549
+375330838658
+375338894507
+375335907694
+375331026518
+375330147731
+375331106188
+375338944993
+375339575651
+375337644950
+375336187074
+375336936867
+375331448065
+375332922433
+375335295944
+375333722490
+375333543101
+375339354795
+375331470826
+375330844851
+375331652665
+375330197159
+375330749901
+375339647259
+375332458113
+375333395988
+375336285305
+375336009692
+375334865907
+375333682562
+375339072025
+375332569587
+375336356429
+375338803534
+375333174431
+375339764644
+375338992290
+375338143498
+375331616933
+375331047480
+375338050051
+375336511408
+375337026466
+375336021934
+375333074582
+375334449535
+375333898453
+375335624972
+375337983806
+375335020382
+375336150681
+375335375099
+375339717770
+375337320157
+375336383295
+375333223121
+375339287990
+375332374852
+375338071938
+375335167387
+375330600607
+375333531156
+375335405798
+375331595378
+375334840929
+375337259718
+375336993976
+375333556330
+375332582885
+375330158341
+375334123884
+375334988396
+375335583349
+375336529948
+375335063805
+375330414370
+375332915419
+375336196579
+375337656709
+375334028726
+375332866056
+375337633334
+375330978076
+375337935105
+375338109777
+375333176418
+375331541306
+375339951916
+375333670445
+375335240426
+375338061122
+375332821980
+375335739287
+375331296451
+375336857178
+375335155058
+375333256135
+375335490013
+375339931615
+375333073669
+375339460824
+375336347483
+375337663816
+375332358049
+375339617851
+375339523358
+375332441603
+375334875265
+375332691106
+375336849430
+375338484412
+375330043694
+375336418479
+375336400717
+375335600830
+375333410460
+375330195886
+375332759835
+375330558956
+375339833434
+375334303178
+375334433897
+375335264727
+375330015350
+375339001795
+375333951929
+375335582860
+375336149647
+375335872734
+375332021316
+375337515114
+375332979346
+375333410761
+375336320488
+375333075123
+375331045504
+375334691202
+375333498280
+375338810044
+375335980939
+375339952972
+375331214021
+375330201744
+375333233537
+375332371095
+375332772982
+375331228761
+375339444729
+375335726778
+375334624444
+375337744356
+375330078378
+375334041731
+375339364800
+375337501163
+375337190879
+375338355767
+375339318423
+375338349080
+375339988771
+375330618285
+375332707940
+375337468275
+375337404110
+375337100052
+375332202610
+375335738491
+375333164367
+375337718331
+375336283398
+375336180092
+375330884464
+375333507913
+375334297176
+375339580404
+375339293946
+375330609835
+375336507275
+375332427562
+375339188651
+375331160513
+375336309151
+375330405030
+375335981407
+375332377509
+375334915539
+375337918228
+375331796762
+375330975078
+375337993389
+375338191379
+375334812532
+375333913697
+375339772663
+375337261056
+375333879294
+375339696660
+375334790435
+375336136601
+375338990946
+375331547154
+375333367619
+375332399419
+375330930398
+375334326962
+375330806099
+375333827920
+375332305290
+375333222845
+375333553557
+375333063263
+375339401417
+375333002551
+375330715294
+375339092637
+375338872959
+375335950569
+375333016062
+375336113589
+375336656158
+375335480076
+375338808427
+375334849733
+375330801399
+375333794468
+375334909270
+375336574908
+375338902801
+375337161753
+375334317124
+375337126116
+375330638641
+375336753285
+375332644882
+375339531691
+375336553067
+375333296143
+375331780616
+375336972899
+375334474141
+375337018553
+375332168334
+375332221115
+375336308713
+375332537064
+375338121561
+375339480546
+375337605849
+375339389032
+375335400117
+375335601074
+375334532933
+375336286515
+375335507787
+375334845693
+375334733062
+375338043194
+375335442325
+375331037977
+375334075702
+375330692649
+375339442790
+375330369143
+375335112138
+375330846248
+375338246144
+375337119555
+375336627019
+375330373855
+375337939380
+375339204765